FLYWHEEL PID CONSTANTS

kP: 0.0014
kI: 0.000005
kD: 0
kF: 0.000185

Target: 6000